    1.663004     1.322097     2.011156     0.946505     1.975863     3.117563     2.141048     4.108005     1.759658     3.659528     0.116890     1.414135
    2.326114     2.196916     1.921177     2.893861     2.168397     2.302179     2.446601     3.185671     2.056581     3.170682     1.133903     0.572190
    1.835973     1.422812     2.021212     2.444520     3.722033     3.863716     4.080373     4.320444     4.776920     3.996349     2.801781     2.249869
    1.304822     0.721791     1.728505     0.927246     0.138293     2.402474     2.223306     3.412752     2.729841     2.178961     0.206891     0.350199
    1.228467     1.911067     1.423131     1.561215     1.614715     2.255634     2.093612     1.905333     1.036039     1.354548     0.067302     2.046186
    1.414460     1.045224     1.093486    -0.677627     1.020456     0.011904     0.122323     2.063779     0.564384     0.449262    -0.620971     1.443621
   -0.406687     1.092399     0.818035    -0.911332    -0.289385    -0.124576     0.719960     0.320668     0.826701    -0.075123    -1.684779     0.641563
    3.953930     2.177512     2.665537     3.191640     2.272151     4.586339     4.238368     4.421992     5.017619     3.683428    -0.630883     3.153087
   -0.307698     0.294713     0.717560     0.101945     0.200646     1.610607     0.104718     0.172604     1.152210     0.495327    -0.627329    -0.241519
    1.305895     1.261354     0.539066     1.717358    -0.007321     1.294218     0.774849     1.451204     0.423149     2.016003     0.314398     0.952257
    1.874762     2.822934     2.217053     2.313112     1.136316     4.401083     3.335265     3.374774     4.018097     3.566155     1.847451     1.679534
    4.154733     3.260739     3.436222     2.095002     3.622751     3.480976     3.404780     2.325708     4.018278     3.052237     2.874603     2.283209
    2.355246     3.159836     4.018141     3.757014     3.867546     2.557726     3.021151     3.513582     3.652117     3.302606     0.660370     3.678703
    1.499904     2.811234     3.039800     3.013500     1.485104     4.678733     3.173625     3.561053     3.088490     5.383129     1.159797     3.037725
    1.619702     1.917176     1.889041     3.889718     2.204207     4.347906     3.520327     3.598258     3.481919     4.828843     1.177671     1.856534
    2.557056     1.762102     0.615357    -0.531703     2.662083     2.974914     3.056463     4.167057     2.633812     3.333993     2.430022     0.563466
    1.519250     2.637369     1.585220     1.219822     1.281524     2.078952     3.003337     2.175977     1.569723     1.082089     0.137752    -0.298843
    1.354123     0.792768     1.535174     1.508448     1.013662     0.107066     1.180754     1.733810     1.088338     1.144240    -0.500846     0.352013
    2.526460     3.281293     2.966849     3.801389     4.678353     4.092380     4.738876     4.721397     4.247181     4.633394     2.698619     1.277552
    1.583465     2.624381     2.191862     1.416311     1.706469     2.168972     1.846566     2.214230     3.227543     2.694168     1.162996     0.320691
    2.001274     0.933798     2.266692     1.769315     2.225361     2.842979     3.398657     2.536045     3.812804     4.684675     0.863702     0.674316
   -0.306733     2.588321     0.630581     1.657503     0.149350     4.567361     3.770590     0.564636     3.421397     4.292088    -1.064193     0.279673
    1.209396     0.285957     1.886286     1.019392     0.443262     2.290960     0.645619     1.577025     1.135421     2.334656    -0.786885     1.624227
    2.106282     3.898754     2.753307     2.411180     3.297441     3.833361     2.326170     3.117752     2.483194     1.830016     0.102365     2.494197
    3.427356     2.917705     3.830045     3.087385     3.223237     2.385341     3.786247     3.072430     2.913278     2.918926    -0.377061     3.628314
    2.508592     3.646272     3.585305     1.856927     3.470737     4.493981     3.057799     3.661113     4.396833     4.815428     1.455636     2.521133
    2.077605     1.622509     1.221038     2.871411     1.790508     2.201702     1.875424     2.070293     1.569761     3.266741     0.239955     0.390794
    0.320384     1.302927     3.170910     2.803186     1.410493     1.561144     3.239841     1.937439     1.624414     2.527448     0.582682    -0.873644
    3.852803     3.234926     2.357999     2.842529     3.340034     3.493928     3.069721     3.417215     3.544894     3.037456     2.949705     0.815634
    2.125319     2.832241     3.068306     2.511901     3.030740     1.541298     2.861241     1.172041     1.550641     2.116775     0.641747     1.177244
    4.507724     3.395573     3.289422     3.903269     3.670544     3.870751     3.919357     2.932952     2.294555     2.136217     2.063354     3.225592
    1.634484     0.638340     1.702836     1.503933     1.541747     5.000165     2.761024     3.030770     3.483754     2.568851    -0.096721    -0.019433
    3.449981     2.154739     2.629499     3.528042     2.393903     2.401349     3.747341     1.838182     3.216327     3.543475     2.788730     0.631243
    1.701866     1.258728     1.386739     1.269980     1.779626     3.685960     4.438405     3.703236     4.099011     3.113872     1.292219     0.792879
   -0.175033     0.743635     0.758348     0.880724     1.714105     1.648601     1.416108     0.634030     0.406823     1.461263    -1.455774    -0.032755
    2.078568     2.723938     3.120747     2.484877     2.389299     4.280289     4.453279     4.462787     2.277349     5.018846     2.922467     0.414347
    2.067873     2.763706     2.005206     1.808273     3.067461     1.224084     2.184651     2.819129     1.363219     2.420603    -0.868000     3.086000
    1.080806     2.423591     1.646961    -0.561281     1.261725     2.220938     4.056960     2.182932     2.096455     2.119298     1.170390     1.422260
    1.122488     0.867370     1.373055     1.008837     2.894886     2.218182     2.182535     1.127985     2.749784     1.376348    -0.431888     1.598952
    0.688013    -1.148811    -0.711757     1.008180     0.817468    -1.246403    -1.519954     0.451283     0.632097    -0.463526    -0.066135    -0.660702
    1.307940     2.792825     2.253619     1.093598     3.116302     1.760528     2.856198     3.111395     2.385234     2.123175     1.253204     0.888546
    2.836103     2.185586     3.280971     2.980720     2.074122     2.307565     3.762624     1.795702     2.277719     3.230863     1.483135     1.941873
    2.369552     3.201111     2.627553     1.708124     2.746587     2.766925     2.132951     1.778754     2.823246     0.927886     1.627351     0.927593
    2.359582     1.145390     1.175133     1.297891     1.464527     0.730892     0.939534     0.804416    -1.485170    -0.321998    -0.749279     2.349020
    1.062416     1.591524     1.474226     1.713675     1.415653     2.663811     3.159198     3.697895     2.646520     3.444746    -0.175354     1.960833
    0.575080    -0.837635    -0.772420     0.876805     1.618236     3.055732     2.063683     1.760063     2.397213     3.031499     0.941966     1.244675
    2.066890     2.232803     2.471618     2.524059     2.512789     4.492687     2.880937     2.730526     3.200917     1.986258     1.287257     1.129936
    3.304561     2.077043     1.296369     1.718336     2.676793     3.001272     3.760097     3.181953     3.837051     3.568292     2.248300     2.394665
    2.029416    -0.620398     1.478009    -0.079325     1.254871     3.326058     2.837287     2.999749     3.010069     3.085293     1.184321     1.177332
    2.817291     2.467870     3.133758     0.811043     1.425590     1.986650     1.149444     0.713038     2.552712     1.766752    -0.213255     1.248296
    1.009738     0.062900     1.166389     1.237631     1.608269     1.440843     1.067299     1.326100     1.441999     1.815763    -1.570351     0.905550
    1.710946     2.064909     2.850875     2.124211     2.321945     3.487907     3.919084     2.656081     3.031297     3.888638     3.227447    -1.247165
    1.203635    -0.029889     1.148870     0.884461     0.529498     0.716274     3.184522     3.407985     2.390786     2.470886     1.322513     2.001324
    5.549927     4.386154     3.282571     4.740449     4.009271     4.660082     4.001326     4.439567     4.829798     4.561460     2.247385     4.068041
    2.467623     2.027317     1.757727     2.044002     1.938890     2.430000     2.391070     1.749626     1.593013     0.949040     0.536603     0.391079
    1.992363     2.611996     2.330151     2.328251     1.392076     2.669979     2.932964     3.388968     2.662976     2.717308     1.346509     2.317097
    1.698028     1.616596     1.090559     0.541119     1.249066     2.817367     3.742066     2.673173     2.781405     4.950188     2.395726     1.983751
    1.021434     1.667462     1.675215     1.779963     0.719365     2.943050     3.675815     1.521457     2.633543     2.742130     1.670416    -0.984915
    0.606773     0.346791     0.395972    -0.154840    -0.435460     0.742091     2.551640     1.446393    -0.178467     0.987426     0.320802    -0.708099
    4.025619     3.539526     3.495734     3.820497     2.401186     4.711598     4.804880     4.129002     3.482041     4.356432     0.943992     2.429751
    0.919685     1.412676     2.011715     3.554242     1.150644     1.025964     1.563004     3.456069     2.261940     1.787420     0.516336     3.468270
    2.522330     1.712807     2.365976     2.940149     1.852105     0.454203     2.313145     1.502168     2.615517     2.642359     2.016830     0.487260
    2.311145     1.513178     0.596667     2.739305     1.473915     4.264670     1.569459     3.032089     4.436745     3.542378     1.554087     1.291230
    1.726116     1.246371     0.773094     0.647604     0.184536     1.545659     1.499388     0.059980     0.069414     0.580777    -0.321117     1.305110
    2.624078     1.209059     2.787914     1.798274     2.794715     4.022714     3.608493     2.838601     2.905822     3.457709     2.132107     0.302065
    2.632281     0.778733     2.179181     1.169184     1.773381    -0.133421     1.816066     1.701061     0.016714     1.124535     0.828327     1.562318
    2.069742     1.326688     1.775401     1.802315     1.078185     4.798049     3.969287     2.987607     6.413849     3.959998     2.682299     1.412334
    2.439595     3.129866     2.028594     1.094963     0.813265     3.352792     4.812339     2.723999     1.992683     3.047571     1.003882     2.407681
    1.573585     2.589946     2.290495     4.058695     1.500464     3.813570     3.485659     5.292418     5.186978     4.757561     3.679522     2.057085
    3.658929     1.830607     3.066226     1.288261     2.727809     3.661430     3.635696     4.068535     5.420857     5.251661     2.161795     0.475095
    0.543936     0.974631     0.347219    -0.308125     0.621493    -0.743073     1.233069     0.628741     2.921366     1.969553    -0.003240     0.268694
   -0.913055    -0.260438    -0.207380    -0.596246     0.258529     1.224408     0.948719     0.581541     2.978392     1.263633    -3.606916     0.879523
    1.926871     2.623673     3.180464     2.322573     2.723190     4.206264     4.002177     3.629584     5.128903     3.073027     2.936501     0.009847
    1.429237    -0.769727     1.381902    -0.057185     1.784966     3.159405     2.944474     3.636029     3.922052     3.522835     3.672992     1.129854
    0.216522     1.856601     1.691008     1.088837     1.292737     1.755641     1.604956     1.281530     1.477559     2.498163    -0.334451    -0.795843
    0.847434     1.541010     2.912062     1.758816     1.662431     3.053512     1.695296     2.525416     4.077967     2.299262     1.170238     0.747110
    0.980673     1.113702     1.644982     2.231342     1.161611     2.351434     0.421469     1.491105     2.510361     1.955658    -0.191263     1.322047
    1.062960     1.368549     1.791444     0.533373     2.305508     0.101005     1.397152     2.464290     1.641320     1.850097    -0.293712     1.616821
    2.920655     1.576039     4.045275     1.641144     2.509995     2.381988     3.038505     3.418278     2.999985     2.354567    -0.366704     2.147027
    0.523827     1.717827     0.187694     0.060525     1.081378     0.940846     2.805231     2.237004     3.035930     3.550999     3.470963    -0.929769
    1.089030     2.458092     1.690335     1.506120     1.688040     2.248298     5.551071     3.918279     2.627014     3.367325     1.421274     1.095707
    1.374716     1.215985     0.712797     2.512746     0.976712     1.323351     2.987425     1.301153     2.158325     1.901094     0.899077    -1.535392
    2.108164     2.849191     1.946014     3.292279     2.500751     0.962678     2.851990     3.636092     2.311400     2.797041     2.049544     1.076915
    0.924163     0.267668    -0.018838    -0.043397    -0.050282    -0.045644    -1.380196     1.137944    -0.312066    -0.429283    -1.342597     0.450643
    2.674230     2.221677     1.973561     1.177428     2.403077     3.472067     2.095915     4.286009     4.548853     5.240035     2.020394     0.867815
   -0.842792     0.261806    -1.518617     0.507391     0.612956     1.732555     1.476901     1.387865    -0.536601     1.609939    -0.249924    -1.419684
    2.358931     0.556060     1.789982     2.481703     4.146238     4.540518     3.874318     2.614310     2.893940     4.309684     3.407868     0.610016
    0.126601    -0.178273     0.199478     0.187143    -0.422194    -0.199835    -0.019527     0.784522     1.711573     1.061206    -1.181119     0.542189
    2.889554     2.725724     2.452115     3.339961     1.851223     4.973753     5.337376     2.751881     4.019536     4.355237     1.659177     2.033183
    1.340366     0.609228     1.956843     3.119752     1.764980     2.270484     3.228953     2.637504     1.607292     1.843713     2.807385     1.147338
    4.037560     3.354436     2.739919     3.269188     1.828809     3.286687     2.699850     3.410281     2.094380     2.430253     1.034842     1.779539
    0.776010     1.059347     0.483121     0.875707     0.299482     2.326564     1.359243     3.184500     2.214832     3.235185     3.038234    -1.132649
    0.785525     0.495272    -0.048674     1.417780     0.996251     1.255745     0.851851     1.956965     2.627831     0.661911    -1.252533    -1.062158
    2.642003     2.467813     1.779640     1.146846     1.281948     1.518085     2.002047     2.811963     3.544870     2.737119    -0.168666     0.606587
    2.315375     1.922098     1.348083     2.438408     2.348065     3.009377     5.163681     4.674148     3.985066     2.726853     1.741352     1.246653
    1.880171     2.043667     2.659628     3.310337     2.765750     4.308054     4.329032     1.380763     4.252749     3.377024     0.343809     2.230000
    2.279448     1.582270     0.467158     1.282445     1.198663     0.287287     2.575894     2.497258     2.086426     1.648570     0.585558    -0.324279
    1.440773     1.632983     1.172702     1.371379     2.082219     1.631250     2.547427     3.246404     2.534806     3.147487     1.050042     0.737809
    2.527337     1.988689     2.030137     2.253816     2.678045     3.403127     1.114760     2.118816     1.857331     1.610773     2.143626     0.207625
    4.085803     2.816638     3.987410     4.810925     5.371926     6.504311     5.805228     4.767798     4.060575     5.017921     2.270083     1.293114
    1.627739     3.014520     1.946180     2.042550     1.611153     1.503443     0.746767     1.614593     1.830094     1.625636     1.148247    -0.178438
    1.282743     1.533955     1.888680     1.433442     1.563917     1.946694     3.706816     3.822439     4.671498     4.182621     3.500259     0.426046
    0.981796     0.156191     1.174287     2.737328     1.510241     2.769387     4.599611     2.074911     3.338082     3.468225    -0.821292     0.990520
    1.530738     0.734299     0.599053     3.214634     2.019798    -0.067023     0.843821     1.828593     1.629675     1.371119    -1.325225     0.621640
    1.531965     1.301206     2.202296     2.146303     2.371105     0.924061     1.788797     3.810094     3.239629     2.195686     0.899848    -0.811422
    3.253913     3.123800     3.040672     2.806359     2.251427     5.229405     3.943442     3.399714     3.815340     3.508349     1.999993     2.110183
    3.158595     0.737626     1.049750     2.566456     2.787766     3.279663     6.107151     5.904139     3.744239     4.255922     5.705760     1.683278
    2.115085     4.021637     4.105273     2.632921     3.682511     5.341567     4.878242     4.192364     3.552500     4.971408     2.031039     3.423797
    2.528479     0.610621     1.403011     0.951890     0.601351     2.067614     4.312092     3.939919     3.053151     3.881862     2.800664     1.264234
    2.981659     1.833793     1.470501     1.718847     3.334796     3.178707     4.490086     1.324973     2.100680     1.406614     0.216729     0.365034
    3.152332     2.698715     3.898253     3.676641     3.798213     1.978466     3.254376     3.335301     2.936415     2.696889     2.699105     1.830904
    1.654310     1.326135     1.327882     1.650706     2.715634     4.951595     2.613146     2.952802     3.430517     0.820330     0.425015     1.950693
    2.164074     0.931514     0.360237     1.327849     1.107924     2.083832     1.059064     0.867503     0.711493    -0.154684    -0.718659     1.083201
    0.385740     0.734016     0.905930     1.551381     1.549786     3.209971     2.320327     3.110232     1.978834     2.293483     1.378113     0.350552
    1.844392     0.676627     1.251503     2.157639     1.334021     2.477722     3.069675     4.310576     2.651142     4.310627     2.626993     1.507584
    2.917131     1.843283     1.123417     2.519547     2.844203     3.248796     4.011058     2.271043     3.243111     4.505238     1.222774     2.748521
    0.774454     0.191703     0.021701     0.948200     0.278911     0.572785     1.032923     1.030520     1.159856     1.414042     0.211831    -1.003612
    1.605741     2.026858     1.951575     1.817721     2.927986     3.411973     3.154212     2.577143     3.041308     3.974261     0.616876     1.941746
    0.280471     1.050397     0.097159    -0.592287     0.764400    -0.221852     0.056608     1.822839    -0.718094     0.055407     0.677383    -0.444898
    1.324849     1.708050     2.431909     1.666117     2.295646     3.549715     3.364169     3.403040     6.140716     2.042112     2.001262     1.377878
    1.984771     2.103325     2.907720     2.914130     3.174714     2.856369     4.484159     3.970618     2.262860     1.974724     0.180628     1.804086
    1.557427     1.458434     1.855032     1.094985     3.188540     2.945221     4.236792     4.211523     2.687181     3.662313     2.951433     0.685803
    0.868788     1.349853     1.852053     1.217886     1.225922     3.604933     1.610991     3.036325     3.373937     4.137561     1.961401     0.265613
    1.155924     2.126200     1.677480     1.852049    -0.044931    -1.239861     1.432203     0.916052    -0.028238     1.113165    -1.588931    -0.049056
    2.053705     0.747199     1.324617     1.600232     0.537921     3.458372     3.283498     3.979684     2.753751     3.005276     0.450015     0.559727
    1.207718     2.426881     3.227632     1.426604     2.311015     2.741003     4.095657     2.374303     2.176823     3.282211     0.492796     2.187768
    2.154493     3.017483     2.467220     3.187282     3.291527     4.021020     3.790911     4.308755     2.590573     3.761518    -0.994099     2.930535
    0.913237     2.163854     1.365681     0.701399    -0.146131     4.519081     2.732310     3.173619     2.024407     3.703868     1.274959     1.763306
    1.634283     2.982991     2.638605     2.289155     3.313140     2.150164     1.212805     2.824613     3.820216     3.090613     0.338150    -0.394896
    2.027428     1.656509     3.034467     2.267723     3.197471     2.660433     4.318244     1.111156     1.787740     3.591101     1.806092    -0.269869
    0.574407    -0.093883     1.225293     0.778511     0.274704     4.056724     4.055200     3.007744     4.227215     4.233141     0.296364     1.667211
    3.054175     2.616788     2.174924     3.035890     2.147808     6.061755     5.441523     4.361089     5.748521     6.075410     1.933822     0.944583
   -1.540723    -0.606999    -0.514280    -0.885500     0.854786     2.324338    -0.408796     2.067933     0.641524     0.322248    -1.459424     1.110751
    2.381240     2.568215     1.720948     1.261390     2.064165     2.029416     3.759085     4.527493     3.086853     0.394613    -0.784788     1.993422
    1.710144     1.703016     3.361029     2.539236     3.916780     2.996193     3.138134     2.886707     2.100358     0.981823     1.104936     2.300016
    2.303425     3.108371     2.906757     1.244474     0.417000     2.491860     2.231888     3.872634     4.380327     4.840608     2.119942     0.729468
    0.543435     2.021122     0.338759     0.246199     0.880047     2.336128     2.554752     3.898709     2.191830     2.209658     2.708197     1.230239
   -0.762358     0.171832    -0.279926    -0.292544    -0.055056     1.080722     0.917859     1.474359     1.731404     1.331867    -0.151531    -2.371431
    1.752170     0.919744     2.876973     3.332530     1.867227     3.387654     2.802100     2.808224     4.644942     3.405463    -0.842792     0.726967
   -0.098878     0.672366    -0.372949    -0.517677    -2.168508     1.746835     1.251727     0.416731     3.008619     1.655837    -0.828598     0.638709
    4.281271     5.134128     4.795107     4.558096     5.739520     5.564960     8.054320     7.992222     6.281359     5.043158     4.696936     0.944552
    2.842730     3.770309     3.745567     3.388356     3.680725     5.754189     4.174094     4.494449     4.764951     4.236515     2.902837     2.912222
    1.343193     0.659443     0.496162     0.079343     0.962386     0.890722     0.447447     2.172054     1.930590     1.339859     0.783225     0.716543
    1.492249     0.544238     0.265454     0.086065     0.578084     0.938432     1.564353     2.982834     1.421504     2.164663     0.310213     0.565291
    4.030540     3.169731     4.255984     2.211963     3.190502     4.322152     3.096518     2.603283     3.550634     3.217252     1.304550     2.940603
    0.014668     1.210698    -0.804335     0.157958     0.072022     4.406058     2.232190     3.551134     3.544502     2.165829     1.738399    -2.110912
    1.870286     0.866900     1.316393     1.108416     1.611029     3.804310     2.993739     4.549581     3.980912     3.229075     1.622144     1.032028
    1.573739     2.294492     2.015898     1.686740     2.557546     3.480316     2.767617     3.855456     3.199986     3.983428     1.207518     1.060524
    2.767950     3.310845     2.350158     3.410319     2.487648     3.769358     2.480444     3.284377     3.214109     4.145357     1.145756     3.037767
    1.270835     2.417730     2.456894     2.834065     1.800185     3.058404     2.563429     1.701562     2.805929     1.834674    -0.604703     3.339666
    2.472288     2.554859     2.244431     1.506912     3.333278     3.558118     4.778880     4.415541     3.684072     5.186889     2.061240    -0.383154
    3.375947     5.027117     5.734638     4.140914     5.620223     6.061299     3.538385     5.509401     2.194021     5.240051     4.031231     2.136187
    1.559375     2.045803     1.448116     2.283643     2.231414     3.476646     3.040585     1.327803     2.908964     2.674252     0.617062     2.420055
    0.869955     0.838146     1.239995     0.515979     0.799264     3.259982     2.869216     3.924477     3.518573     2.968925     1.097794    -2.134979
    3.035657     4.426826     2.324720     2.883136     2.060366     2.256908     1.297363     1.994628     2.978182     2.769313     0.796224     2.592571
    1.185793     1.165634     2.017931     1.419587     0.473214     0.140025     1.446199     0.405340     1.411542     2.917166    -1.211353    -0.174850
    2.410374     3.358246     2.446974     1.775272     3.550529     2.764971     3.334503     3.642555     3.982422     3.158710     1.098294     1.409741
    1.635350     1.056871     1.028991     1.560053     2.972567     2.265346     2.386958     2.969424    -0.591982     0.345160    -0.302381     0.470983
    1.338611     0.387942     1.293770     0.487411     0.026787     3.443640     0.320252     2.693922     2.219278     1.527716     0.549393    -0.205664
    2.335323     3.617324     2.545715     3.388908     3.725166     3.892628     3.559456     1.726625     3.146882     3.111591    -0.152082     2.273795
    3.078883     3.447021     4.461481     3.063561     4.350038     3.573566     2.872861     3.249776     3.522779     3.136936     2.844129     1.509407
   -0.188333    -0.038814     0.429404     1.160733     0.347542     2.766090     1.106345     1.800306     0.134456     1.421525     1.113112    -1.012147
    1.170585     0.892959     1.117807     1.756878     1.683673     0.501840     1.279227     1.259239     2.041686     2.397557    -0.950682     0.293070
    3.976717     3.869260     4.034379     4.114066     3.562939     3.026231     3.810421     3.885540     3.959223     3.719740     2.936220     2.178740
    2.184830     1.897756     3.833211     3.013956     1.682125     1.764569     1.148085     0.707987     3.180740     2.722531    -1.238642     3.471778
    2.914732     4.585454     2.656267     4.307194     3.591038     3.554771     5.340952     5.810836     5.575160     3.396663     0.651018     2.789492
    2.360915     1.046926     1.243054     0.920565     1.508737     1.255672     1.466173     1.712630     2.596305    -0.074463    -1.369053     2.216779
    1.403613     3.085955     1.226916     3.664399     2.597466     5.139532     3.571675     2.976054     4.268827     3.158440     1.985709     2.041813
   -1.429283    -0.423694     0.930660    -1.559171    -0.489038     1.219401     0.378020     1.484687     1.992670     0.277410    -1.145943    -1.172710
    2.743335     3.149214     2.701878     3.311612     1.995274     3.396018     2.542807     1.846878     2.827509     3.011434     1.484447     1.011992
    2.448656     2.616127     1.301493     1.688106     2.491337     0.975808     0.657885     2.363657     3.368779     2.276453    -1.747333     0.715260
    0.436969     0.059274     2.014565     0.391562     1.725462     1.208402    -0.039210     1.876982     1.451375     1.327908     0.524673     0.313753
    0.995289     1.498312     2.161265     0.445847     1.065244    -0.702830     0.804280     0.613442     1.146334     0.968049    -0.878062     0.491407
   -0.486384     0.338968    -0.566381     0.447864    -0.284027     0.402182    -1.351771     0.351327     2.004653    -0.415259     0.786728     0.358272
    3.081689     2.727086     2.557064     5.406989     2.595779     5.036241     3.479241     3.338534     4.071735     4.701079     3.423537     2.909094
    2.489769     3.125531     1.298413     1.299293     1.923214     3.532439     3.661973     3.957943     4.659052     3.032614     1.840438    -0.824736
    1.549657     0.389736     1.562019     1.931063     1.645682     2.430634     1.913483     3.076287     3.451127     4.289474     2.487846     0.669129
    0.706633     0.980552     1.664658     0.824341     1.753030     2.013886     1.726746     1.859956     1.129944     0.947986     0.797723    -0.691732
    2.169301     1.669662     1.380804     1.513403     2.507814     4.426786     4.418589     5.003949     2.944004     4.554779     3.099196    -0.166841
   -0.183061    -0.486820    -0.768019    -0.330372    -0.481419     2.294459     2.264104     2.334884     2.447387     1.035980     0.005248     0.355648
    4.192848     3.325236     4.053788     3.562532     1.011556     4.841158     4.966860     3.086441     2.759230     3.380922     2.731502     2.098962
    2.716534     2.192334     0.949562     0.541362     1.344768     2.446272     3.822340     3.255017     3.246809     1.647504     1.239231     1.856097
    3.143146     2.079733     3.027703     3.264284     3.739824     3.231415     3.156437     1.163327     2.361895     1.731391     0.386896     1.118832
    1.227965     0.171644    -0.093979     1.427822     0.726985     1.468433     2.696627     1.071524     2.347414     2.538640     0.463738     1.059186
    0.328900    -1.015312     0.832803     0.223750    -0.398329     2.775919     3.069824     3.451564     2.668808     3.035120     0.029340    -1.071619
    0.435719     0.268061     0.354247     1.656510     0.468809     1.432022     0.918678     1.897608     1.403622     1.894365     1.549932    -2.416994
    3.503268     3.209730     2.916219     2.714577     1.580480     3.729044     5.247238     3.499753     3.546895     2.326420    -0.594582     2.560278
    0.193638     0.767496     1.451704     0.901187     0.946332     2.162175     3.001832     3.561221     2.583579     4.267559     0.690195    -0.293514
    1.188590     1.832618     1.555827     0.954603     1.581084     3.562762     1.308365     2.648375     2.804332     2.819371     0.848546     0.122128
    2.055936     2.345374     2.303374     1.988658     3.276512     2.286862     2.461531     2.340186     1.437748     1.797146     0.924989     2.043908
    3.008179     2.313725     2.073018     1.876981     1.387148     3.635673     0.784163     1.286305     2.519949     2.786807     0.095894     1.759817
    2.390853     2.665777     3.610759     1.189380     1.880553     4.845356     3.352518     2.785147     4.144315     4.646616     0.627266     2.362767
    2.691149     2.914415     4.039656     2.793456     3.299068     2.930273     1.837362     1.774909     3.172320     3.099760     1.731767     3.367234
    1.952471     0.405185     2.045278     0.820876     1.678881     3.591405     3.155327     2.288767     1.301678     2.824043     1.392343     0.083793
    1.757236     2.280200     1.443146     2.220061     2.072054     4.889842     4.778608     3.910285     3.909701     4.166703     3.154768     1.538237
    1.301109     3.193586     2.401991     1.454388     2.299941     2.843585     1.164749     2.929013     2.184608     2.466809     1.295377     1.663317
    2.757459     3.636692     3.071014     4.163378     2.978717     3.721773     3.083558     4.054735     3.995679     5.004486     3.355424     2.055255
    1.451184     1.049361     1.202997     2.440026     0.811863     5.203300     3.549116     4.735806     4.544536     4.527765     2.105510    -1.072071
    4.295872     3.356385     3.913279     3.894412     3.477397     2.169719     4.432387     3.381071     4.753972     2.696043     1.270249     2.929446
    1.915997     1.901114     1.394721     2.675094     1.684873     3.938905     5.279216     4.516012     4.897463     5.490027     2.758323    -0.673507
    1.712467     2.723493     2.094618     2.982080     3.802123     3.126983     4.053347     4.217008     4.321951     4.352671     2.421158     0.967975
    2.127766     2.471645     2.611976     2.350392     2.088089     3.339436     5.204844     5.153440     3.839909     5.368052     2.288598     0.825363
    4.134119     4.033498     4.820307     3.471884     3.749008     4.360203     4.119278     3.627130     5.159348     5.094945     1.479869     2.773327
    3.007674     0.704150     1.941603     2.150175     1.462795     2.718252     3.076728     3.840913     1.473416     1.874085    -0.491830     1.180631
    3.125433     2.898511     2.586447     3.643194     3.214510     2.730273     1.505857     2.660420     1.170637     2.129585    -0.909056    -1.758813
    1.947678     3.768199     2.073666     2.255144     1.744760     4.113252     4.470042     3.491057     4.131444     1.462860     1.872337     2.745245
    4.044732     3.384247     3.235009     3.652900     4.100567     2.092972     4.445900     3.578649     3.806470     3.522174     1.846531     1.315704
    1.656524     2.459054     2.984189     2.158120     2.263700     4.523450     5.160935     4.326749     5.525715     3.870456     2.385970    -0.047941
    1.505946     2.439953     1.974749     3.269777     1.445774     3.592112     2.407584     3.453971     2.513396     3.229700     0.286459     2.135600
    1.645545     2.482781     1.785773     1.192986     1.423707     2.930696     1.975896     4.386602     3.730268     2.326365     1.782898     0.490130
    3.421804     3.575275     2.931396     2.159877     3.720178     3.233073     3.059532     3.156664     4.132919     3.439141     1.152181     2.836829
   -0.124824     0.259706    -0.380648     0.836386    -0.369206     3.763104     1.595320     2.868701     1.465402     3.219749    -0.058930     0.534922
    2.102870     1.769536     2.284637     1.615051     3.005731     4.610953     3.657743     4.688900     4.264366     3.787657     1.695140     2.204012
    3.238525     3.634394     3.888694     3.638389     3.669841     6.894798     8.366434     6.115063     5.872640     4.878382     4.294687     0.625272
    2.909812    -0.023149     1.792050     2.232481     1.288227     4.170816     3.672703     3.341899     2.562132     2.598465     1.054824     1.663744
   -0.899347    -0.605750     0.096408     0.453495    -0.763365    -0.631619     0.583420     1.441840     0.275453     0.249394     0.874272    -1.327322
    3.628154     2.533808     4.134440     4.484354     4.445868     3.273719     2.161529     5.128297     4.246339     4.857588     3.102575     3.522546
    2.837204     2.988453     0.555864     1.212846     1.228669     3.641104     2.169568     1.417069     3.071374     3.201547     1.644094     0.359305
    3.209088     2.372293     2.171805     2.993417     1.146923     4.458517     4.532310     3.245548     2.671881     3.608305     2.226713    -1.126219
    2.360158     2.711823     1.701720     3.025967     2.410068     2.097219     0.627018     0.827220    -0.362802     1.470658    -0.896340     2.431242
    3.091414     4.269123     2.025673     3.432404     4.037414     3.879502     3.192870     4.170097     2.575718     3.501438    -0.542867     2.020396
    1.901934     2.712045     1.077274     1.861352     3.106935     4.452297     2.155236     2.538240     2.244333     3.733339     1.597461     1.839283
    1.886367     3.497908     3.035547     2.565648     3.373932     3.616061     1.934459     3.470660     4.940336     2.827989     1.951516     0.912557
    2.876770     2.714359     2.018573     2.277011     2.918209     3.247629     4.735306     2.108363     5.579252     6.377192     1.754410     2.652783
    0.794709     1.335567     1.198064     2.298772     1.670147     4.489046     1.936283     2.181391     3.034465     3.286258    -0.461561    -1.410115
    3.148159     2.438053     3.621141     4.429530     2.447682     3.080769     3.202247     3.762562     3.549600     4.463827     2.874722     1.011209
    3.141868     1.921770     3.168200     1.523693     2.731989     3.030139     3.188520     3.471407     2.580039     2.842214     2.563115     1.719985
    1.200242     2.222039     2.076134     1.521691     2.671384     1.669759     2.851513     1.880022     3.605898     3.039735     1.128054     2.221668
    2.381711     2.450748     3.168762     3.665369     3.556471     3.253016     2.653583     2.690539     4.213962     4.834125    -0.350385     4.739931
    1.573366     0.506905     1.372808     0.381629     1.936567     4.761602     3.373730     4.189285     5.335943     4.265184     1.765748     1.099952
    2.203916     2.441679     2.392122     1.640933     2.228668     0.887311     1.934651     0.178861     1.099362     1.185284    -0.203830     0.223311
    1.581179     1.530747     1.474085     1.922276     1.116850     2.614238     1.748564     2.464505     3.662430     3.138991     1.134441    -0.442595
    2.499020     2.749356     2.959431     3.219427     3.521494     3.153975     3.292317     4.552157     2.261342     2.695395     1.793085     2.412488
    0.923602     0.612982     0.265015     1.154446     1.380396     1.409631     1.363392     0.308996     0.193123     0.322034    -0.932356     0.970604
    1.225639     1.838928     1.526412     1.926886     0.974197     2.143506     0.416584     2.859049     3.093502     1.306791     0.826037     1.199697
    0.593383     1.265398    -0.610968     1.413167     0.969752     4.239364     3.376318     1.963072     3.691114     2.651056     1.911831     2.519423
    1.587761     0.916388     1.731826     1.664140    -0.070871     4.147903     5.092982     4.086693     2.837644     5.474481     1.261636     1.115217
    3.163979     3.187638     3.079469     3.749970     1.676165     2.911663     0.659193     4.111318     3.331349     2.563119     1.185122     1.210590
    1.501219     2.862772     1.930590     1.266856     2.349528     1.530186     3.701279     2.953706     1.178504     2.844668    -0.037506     2.164068
    1.977229     3.295070     2.024266     3.320845     3.332013     4.327778     2.320637     1.580787     2.258301     4.660738     3.715853     1.233917
    1.190415     0.702464    -0.283938     0.613170     1.982361     3.471869     3.360378     4.029030     2.812270     2.883631     2.231474    -1.116154
    1.074141     1.855893     2.991074     1.386575     2.404473     2.864449     3.877253     2.879610     2.560221     1.848524     0.895237     2.723274
    2.590348    -0.253370     0.905463     1.177985     0.608505     1.319813    -0.006660    -0.563747     0.178049     1.384066    -0.458099    -0.095578
    1.590574     0.891495     0.778787     2.678628     1.393368     2.742670     3.925547     3.377894     3.170973     3.389872     1.682963     0.843248
    1.736179     2.923149     1.591436     2.090761     1.633372     1.864593     3.345820     3.100930     3.407865     2.890617     2.395293     0.750524
    2.711538     2.012512     2.001498     3.343062     3.099765     3.956025     2.068609     2.325332     4.463538     4.038876    -0.166306     2.626451
    1.857984     1.877993     1.127340     1.198969     1.231599     3.799177     3.748122     5.811609     4.797411     5.514649     2.697470     2.323610
    0.551896     1.157943     2.475741     2.324959     1.737845     2.519969     4.342858     3.070825     2.351417     4.206519     1.570573     1.298313
    1.424657     2.537123     3.428295     2.545132     2.594420     3.986043     3.686660     2.893555     3.285029     2.918478     1.448533     3.200130
   -0.693445     0.202580     0.310212     0.959242     0.937197     3.303489     3.121482     3.583654     2.708989     2.741836     1.322011    -0.882628
    1.569257     1.838932     1.947032     2.548857     1.046812     1.914057     2.826871     2.917398     2.313852     1.062989     0.446707    -0.238632
    2.934906     2.206892     1.821581     1.576446     0.916750     2.923095     4.007308     4.844944     5.924501     3.949715     2.707047     1.561267
    4.981366     2.812041     3.849793     4.331050     5.041468     5.860272     5.184810     6.038748     3.844044     5.996732     4.419073     2.644714
    2.572808     3.402344     1.492052     2.183687     1.947937     3.841192     2.403096     3.626568     2.659868     2.630909     2.074811     0.139183
    3.456556     4.373089     4.154937     4.213598     3.532737     3.696753     3.031898     4.656184     1.992846     6.187918     0.342459     2.795888
    1.754140     1.953703     1.912926     1.506477     3.241182     4.584455     4.207141     6.501794     4.731337     4.015529     1.488744     0.482728
    3.431728     2.720356     3.473417     2.733657     1.795951     1.779960     3.322199     4.772065     3.962384     3.432189     1.351688     1.259931
    0.633738     1.474492     1.069915     1.726102     1.638578     3.628624     3.483751     2.830195     3.517042     4.303895    -0.000571     1.290936
    1.633760     1.308525     2.142159     0.984127     2.770713     1.840660     3.476664     2.020664     1.931901     2.512939     0.472181     2.042088
    3.157872     2.726695     4.922832     3.301956     3.377067     3.410877     4.278491     2.884910     4.360790     3.047927     1.518186     3.160411
    2.056079     1.494396     2.306773     2.797011     2.001368     4.102228     3.233509     4.157078     1.623617     2.612940     1.507675     2.082576
    1.495626     2.223642     1.638087     1.537044     1.743148     6.004366     4.036502     3.917499     5.033495     4.069170     3.804237     0.652587
    1.588577     1.113886     1.418245     0.872245     2.316206     0.175932     2.472469     1.634205     1.066594     1.619697     0.576070    -0.061494
    1.982757     0.027166     1.026306     1.337446     0.168777     3.783112     2.016446     1.102863     2.057847     1.091149     0.708936     0.853515
    2.528549     2.212530     1.992111     1.297556     1.265642     3.150425     2.800164     2.988544     3.224093     2.945488     1.301757     1.335601
    3.242598     2.283847     3.453951     3.131328     3.407003     4.028893     3.559096     2.359733     4.078234     3.331768     2.207947     2.534108
    1.304339    -0.361841    -1.088950     0.434526     0.795129     2.899951     2.671754     2.619187     1.466097     1.702241     0.912363    -0.447608
    1.081099    -0.720919     1.747833     0.750890     0.151619     2.747093     2.693472     2.973888     3.034492     1.054061     0.240852     1.143845
    0.554188    -0.291183     1.304595     0.378169     0.966555     2.981676     3.538465     2.878561     1.436597     2.886911     2.267585    -0.596388
    0.937052    -1.249016    -0.498096     0.722277     0.895609     2.637325     2.647299     3.365426     1.270285     2.156862     1.725793     0.628956
    2.237209     1.714632     1.615966     1.753982     1.710386     2.405097     4.393919     1.377300     2.717153     2.992749    -0.720478     0.478632
    0.863533     1.963247     2.069811     2.712489     2.317636     2.110218     2.467096     3.975035     0.788626     1.264817     0.605683     0.156748
    1.283663     1.970415     0.924190     0.480576     1.659749     2.647002     1.719828     1.956255     3.323436     1.328071    -0.897488     1.360345
    1.454741     0.626786     1.635136     0.625498     1.708054     2.245647     1.574305     1.957405     1.593413     2.139980     0.423884     1.917969
   -0.066038     0.534716     1.747296     1.365956     0.385570     2.807924     2.882840     3.165108     5.125479     3.092869     1.363530     0.408780
    2.748967     2.646799     2.880641     1.214871     1.005669     2.191819     1.551850     2.640459     1.163054     1.738569     1.768701     0.368437
    1.758455     2.241470     1.061078     1.565549     0.924811     2.420976     1.447132     1.381107     1.359482     1.221378    -1.018823     3.116823
    1.782669    -0.471709     2.281833     3.619892     2.314121     2.789691     2.742526     1.791645     2.589451     1.097816     1.207185     1.098760
    0.247604    -0.297647     0.473654    -0.086459     0.269709     2.413431     1.966855     3.281290     2.052243     1.851204     0.298744    -0.380976
    3.037187     3.745699     3.080382     1.715303     3.324769     2.872071     3.210773     4.030128     5.339229     2.977400     0.022561     2.939523
    0.707647     1.078876     0.969062     1.228131     2.050727     2.136240     2.840880     3.875743     2.984350     2.734449     0.693327     0.846344
    1.697873     1.565664     1.479953     0.787045     1.442222     2.584266     2.276003     2.545785     1.857229     2.451550    -0.257667     1.551382
    3.475569     1.751416     3.233006     1.945985     3.985920     3.352570     4.042807     4.115199     4.403942     3.381336     1.971256     2.354122
    1.620522     0.587285     0.582933     1.306278     0.927149     3.503366     3.550665     4.402401     4.673666     3.654513     3.198966     0.373930
    0.527712    -0.036458     0.340860     0.075582     0.636159     2.279583     2.135043     1.215961     0.514567     3.292799    -0.578610     0.392298
    1.077437     1.736889     1.339245     1.713301     1.309384     2.424059     1.550307     2.760912     2.306172     2.677350     1.513042    -0.049693
    1.810933     0.621639     0.767167     0.837096     1.855914     0.719755     0.415642     2.753294     0.711573    -0.105979     0.657021     0.812988
    3.257064     0.536346     1.574479     2.515208     2.724388     3.533269     1.256223     1.863930     2.311613     1.479542    -1.832513     0.734779
    2.996645     2.288023     1.140629     2.457143     2.287586     2.641654     0.215887     3.396985     1.965492     1.028764     2.405774    -2.041507
    1.727386     1.849919     2.204424     2.731692     2.800691     3.984381     4.159841     3.571669     3.963666     5.932713     2.843275     0.861078
    1.549865     2.507473     1.567141     3.492301     3.260839     6.962116     7.310078     3.686388     6.720144     4.185611     4.321185     0.292341
    2.884206     2.688920     2.288388     1.719601     1.537695     5.257437     4.125040     4.650119     2.998281     2.955434     0.383272     3.379943
    1.578948     1.563995     1.417428     1.023658     0.947944     2.615677     0.888053     1.287049     3.115629     1.514758     0.699276     1.097288
   -0.731075     1.024282     1.185459     1.090355     0.792700     2.724156     2.040418     0.814640     2.574054     2.377912    -1.150099    -0.881011
    2.201336     0.744468     1.534493     1.776886     1.833052     3.679814     3.328782     1.595527     1.510904     3.674059     1.654532     0.253916
    1.938805     3.769236     3.398180     1.817913     3.087818     1.667582     2.617571     3.757164     2.648970     2.929077     0.380019     1.973527
    2.332790     1.189059    -0.208126     1.242258     2.719943     2.056591     0.129863    -0.090929     2.119710     1.125714     0.713094     1.054990
    1.478812     1.885811     1.368412     1.418861     1.145140     4.778751     3.892733     3.947222     3.267640     1.578157     1.990764     1.537711
    0.826178     1.818219     1.472195     1.268839     2.553799     0.670158     2.166815     2.616998     3.462842     2.904508     1.912015    -0.004983
    1.986639     0.743651     1.145193     1.288181     1.937266     2.056392     1.391557     2.852043     1.900527     1.601590     0.309682     1.688121
    2.883569     2.106083     2.054332     2.998414     3.076107     2.082094     2.743032     2.941810     1.960153     2.497102    -2.136183     1.695076
    0.143788     0.265297     0.810394     1.163748     0.804597     0.741357     1.685934     2.264600     1.261400     1.418161    -1.277369     0.870948
    1.280172    -0.513647     0.950019    -1.237225     0.568361     0.876611     2.400091     0.585790     0.149000     0.244980    -0.748928    -0.560351
   -0.218466     1.186297    -1.251485     0.872790     0.668863     1.750534     1.898492     2.126260     1.050262     0.339440     0.651843    -0.893388
    2.364457     3.375474     4.301866     3.187942     2.910123     2.084624     1.966161     3.937522     1.786408     2.293699     1.013200     0.442851
    1.874130     4.047880     1.885857     3.765783     2.377236     1.665635     2.190760     1.108574     2.626329     3.794644    -2.421626     4.559669
    1.090504     2.237882    -0.202468     0.955551     0.558872     3.650816     3.628015     2.153493     3.739939     4.311422     0.908715     1.356734
    0.743169     0.840165     1.812893     0.093497     0.257472     3.326240     3.332110     3.315348     4.151784     3.757286     2.763914     0.345438
    2.453489     2.892066     0.886705     1.878251     1.624468     1.633323     1.758610     2.994818     1.802055     1.844266     3.190856     0.549216
    2.997720     2.365785     2.659994     3.038733     3.404239     3.265540     4.155262     4.598945     2.291550     3.379037     2.267869     2.662915
    1.200228     2.393164     1.101547     0.997663     2.154539     2.362238     2.464813     2.674705     0.627149     3.303050    -0.306489     1.556113
    0.955681     0.920884     1.475330     0.265359     0.849246     2.923319     3.603922     2.329144     1.923468     2.216602    -0.209370     0.158751
    2.773607     2.689746     2.473042     3.013630     3.435161     3.369102     2.500952     3.506070     1.955743     2.361644    -0.933474     2.923453
    1.766034     3.865824     3.154914     3.683800     1.641113     4.170628     4.111710     3.149433     3.463876     3.445357     2.148925     0.796165
    0.905473     1.100275     1.883334     1.643905     3.580899     1.637659     1.835200     1.179519     2.630197     2.765544     0.418197     0.409626
    2.287749     2.430623     2.737759     2.109663     1.949161     3.816055     3.634434     2.635451     2.856646     2.392757    -0.644464     2.587255
    1.843179     1.443349     1.904405     2.192130     1.890512     2.344123     2.687059     3.847628     2.704978     2.724000     0.466494     2.079313
    4.305222     2.689976     3.044163     4.629676     3.528554     0.972544     3.258396     2.634653     2.367135     1.386179     1.211783     0.292546
    0.805147     0.485338    -0.145438     0.930208    -0.059499     2.062386     2.452556     2.108886     3.201731     4.528225     2.476226    -0.254818
   -0.012939     0.990678     1.049001     2.060064     0.215634     0.422575     0.011772     0.446775    -0.710416    -0.924830    -0.930228    -0.075341
    1.874282     2.237644     1.497394     2.060186     1.822253     2.230693     1.738734     0.895087     3.771819     4.389247     1.241919     1.812009
    1.347770     2.595665     2.522900     2.312275     2.549407     4.472680     2.101958     1.050252     1.808751     1.551322     2.360872     1.032971
    0.861229     0.242298     1.315970     1.737795     0.039379     0.675685     1.534325     1.021860     1.487891     2.377093    -1.987679    -0.796178
    1.818924     0.399101     1.184074     1.047344     2.754542     3.985232     3.192209     4.024351     1.559536     2.813714     1.656034     0.308900
    2.750424     2.284011     2.030866     3.256209     2.291613     2.589999     3.342329     3.554919     4.354881     4.859631     1.741012     2.425574
    2.772054     1.224151     2.019566     2.072469     1.765069     2.581114     3.648165     4.280246     2.266562     1.981931     2.170437     1.357377
    0.693990     1.869871     2.431665     2.492996     2.709905     3.974173     4.101890     3.311745     5.982727     4.910599     3.261266     0.902730
    1.177998     1.727790     3.332356     1.963427     1.783620     1.839683     1.611575     2.155033     0.651303     1.084305    -0.285235     1.004470
    3.038344     1.282378     0.903897     1.881065     1.711367     3.683475     1.791925     2.380947     3.285635     2.385730     1.668105     0.848620
    4.047632     4.593513     5.124694     4.999905     4.016397     4.872573     3.773451     3.065858     2.473897     2.368822     1.675231     3.718169
    3.298441     2.676995     3.188983     0.982098     2.284461     4.322088     3.397792     2.932956     2.579956     2.102152     0.137158     1.303651
    0.164720     0.696755    -0.143664    -0.108214     1.038209     2.491306     1.579849     1.005195     0.338828     0.870045    -1.878239     1.285728
    3.590683     3.464055     3.151083     3.068554     4.121003     5.476420     4.205016     5.543810     6.458947     3.930049     4.634461     1.786943
    1.922408     1.269056     3.470398     1.869957     2.737733     3.656732     3.513475     3.543702     2.463262     3.413314    -0.299855     3.123563
   -0.800118    -0.246299     0.696821     0.506276     0.411296     0.351118     1.744131     1.598971     0.925291     1.260757    -0.244322    -1.386068
    0.906256     0.749784     0.073812     0.574613     0.565043     2.139458     1.893339     2.254548     1.910345     2.241824    -0.501581     2.316215
    3.376090     4.958134     4.049933     4.463686     3.128384     4.069967     5.995316     4.964276     7.044504     5.352150     3.533322     1.655411
    1.693622     1.121629     0.632978     1.497022     1.476715     1.646222     2.680004     0.720849     3.173689     4.486901    -0.188908    -1.054425
    0.533844    -0.219960    -1.020631    -0.154056     0.135228     0.154287    -0.297897     0.549468     0.363433     2.216832    -0.076389     0.623767
    2.383696     0.952254     0.710942     1.220210     1.101955     3.084591     3.000732     3.321027     3.321732     3.085502     1.226900    -0.390273
    1.416985     1.680482     1.377724     1.326722     1.836987     5.150838     2.502930     2.815289     2.609651     3.089762     1.236696     1.276078
    1.976825     2.964821     2.901292     1.996032     2.362979     1.535201     1.786250     1.859174     0.235714     2.548831    -0.367961     2.505729
    2.769051     1.820493     2.648885     1.594831     2.713174     2.730164     3.269032     2.032176     3.152259     2.578767     0.008687     2.548882
    2.548585     1.273930     2.334629     1.892710     1.722845     2.146391     3.449013     2.869111     2.616835     1.869478    -0.096435     1.865555
    2.887426     2.962626     3.483387     3.516744     2.625154     2.638607     1.651054     1.607796     3.063544     1.580873     1.500897     1.689451
    0.447734     0.646458     2.123434     0.800729     1.043343     1.909676     1.868194     1.639430     1.728482     2.006015     1.064630     0.232723
    1.620751     1.601530     2.420732     2.615315     3.205129     1.814541     2.235594     1.654706     2.120542     3.260522    -1.570709     1.783023
    0.561146     1.255507     1.217231     1.107914     1.772877     3.229829     0.795259     1.465608     0.589555     1.333951     0.811340     0.497809
    0.135800     1.247785     1.555296     1.294631     2.367315     3.122460     2.228982     2.778770     2.701414     3.585865     1.493192     0.343401
    2.197504     2.939054     2.130226     2.575672     2.902340     1.237395     2.923829     1.070372    -0.981837     0.610860     1.529978     1.670976
    2.241994     1.007531     1.000569     2.444985     1.618307     0.079854    -0.408463     1.781342     1.380908     0.989054    -1.175344     1.125376
    3.838078     3.879332     3.597402     3.272563     3.984597     4.770383     5.465487     4.090101     4.491624     3.453878     2.429422     0.966631
    1.353487     0.753597     0.275382     1.169050     1.032751     2.357942     0.399116     0.908557     0.957656     1.112291     0.542340    -0.561560
    2.638562     2.096288     1.693188     2.691426     2.404163     2.315587     2.524529     3.180827     2.514691     3.458418     0.144518     0.210226
    3.898114     2.797124     3.483993     0.841811     3.725405     4.644848     4.963721     3.145953     3.473195     4.682344     1.366634     3.654539
    2.653109     1.876822     1.943531     1.532880     2.405761     2.754475     5.445185     3.244307     2.765714     3.108831    -0.551228     2.767463
    2.350242     3.551581     2.232227     2.928869     1.548536     2.343623     3.884885     2.431326     4.698915     2.219404     3.011977     0.212478
    2.166721     2.050095     1.236638     0.621194     1.988549     2.660409     2.195746     1.728051     2.172735     1.702979    -1.294676     1.434696
    0.908513     1.411187     1.700799     0.954673     0.622550     0.068626     1.760312    -0.613512     0.128764     0.169990    -1.287021     2.205258
    4.325865     3.291978     4.252355     4.193914     4.071772     5.455671     4.322001     5.160870     4.694553     4.885504     2.950052     2.333289
    4.712641     4.224109     5.161709     2.761752     2.019963     4.947653     5.631019     3.181245     4.533359     5.050261     0.641348     4.175538
    1.528882     0.736837     1.867642    -0.152224     0.150533     4.033802     4.205796     3.018149     5.280478     3.917722     2.687308    -1.257281
    2.655740     1.854699     1.442423     1.907441     1.582882     1.104511     1.932508     1.718543     1.235500     1.748861     2.062679    -0.150109
    0.928683     3.133723     2.331324     1.789530     2.710428     3.847722     3.595230     4.029087     5.176355     2.757982     1.135089     0.604906
    1.000608     0.001847    -0.777017    -0.288167     0.980282     1.787021     1.252514     0.414622     1.625534     1.338658    -0.888846    -1.270949
    0.032096    -0.092393     0.801912    -0.648522    -0.447638     2.307664     2.788445     2.912921     4.809351     2.599319     0.934153    -0.943143
    0.835673     0.951449    -0.632063     1.131064    -1.053049     1.773421     2.862388     3.626102     2.766823     3.598424     0.113604    -1.215311
    0.769236     3.447503     2.907141     1.655656     2.332491     1.405457     3.834318     2.055810     3.390383     2.882751    -0.342080     3.014627
   -0.089466     0.739888    -0.402972     0.625034    -0.039429     2.179690     3.694289     1.919964     1.612269     2.603046     1.869648    -0.503946
    3.888284     2.917295     2.246126     3.071795     3.188255     3.742353     3.663136     3.046438     4.494644     4.551333     0.498070     1.147709
    2.939876     3.069530     1.669507     3.120463     1.777789     3.575039     4.023481     4.111187     3.026134     3.680806     1.722496     2.073389
    2.491537     0.049432     3.139213     0.914746     1.473007     3.783705     4.364061     4.010901     3.155623     3.674766    -0.353551     0.527321
    1.199797     0.189987     0.864195     1.348406     0.455286     4.792845     2.774912     3.871381     4.806704     2.765666     2.019125    -1.272828
   -0.366289     0.118762    -1.186847    -1.156137    -0.771800     1.054357     1.460415     1.953856     1.368125     0.582164     0.109405    -1.719919
    3.011281     3.228266     1.409341     1.971664     1.303262     2.138720     1.954686     1.772371     3.109190     3.604269    -0.769106     2.612896
    2.636077     0.344386     1.362432     2.744972     2.393625     2.807490     2.949478     1.303369     2.166448     3.835106     1.079148     0.374470
    2.283451     2.460561     1.925912     2.961071     2.402080     4.973927     3.174890     3.419029     4.052992     2.401425     0.527178     0.823919
    0.618521     0.424340     0.274543    -1.670691     0.355833     1.257295     1.960301     2.580150     1.312886     0.173595     0.840044    -0.646857
    0.214345     1.279012     0.588419     0.196530    -0.543456     1.329230     2.796883     2.836194     3.944257     2.280644    -0.797908    -0.298288
    1.036454     2.383382     2.379274     2.150005     2.009233     3.755097     3.567759     4.504929     3.562392     4.495462     0.449692     1.054747
    2.917201     4.763505     3.465813     3.853309     3.240838     3.783031     5.116020     5.105255     5.984187     5.219049     2.982738     1.966539
    0.592030     1.439748     0.857470     2.057790     0.910520     3.311712     2.200322     2.988361     0.400626     1.398857    -2.986882     0.699012
    0.239348    -0.796656    -1.277163    -0.507897     0.007842     1.712245     1.058181     1.219102     1.674840     2.400074     0.644704     0.509709
    2.372850     0.980787     0.730583     1.785966     2.152586     2.944815     4.159500     4.656902     3.448404     2.206759     2.626495    -0.266440
    0.038351     2.711364     2.910936     1.043977     2.527625     3.155955     3.674479     3.201103     2.615252     2.064513    -0.301505     3.901120
    0.551885     2.629933     1.027062     2.316227     2.828382     1.108474     3.155224     3.388350     3.088635     2.122298     2.004598    -0.305465
    3.949811     3.119247     2.712817     2.476294     3.059345     4.148237     4.374342     5.545043     3.540941     3.989237     3.329805     1.993064
    1.310868     2.165688     1.102725    -0.047301     1.272042     1.410654     1.286583     3.715420     3.609143     2.610112     1.041865    -0.193392
    2.168276     2.198724     2.047318     0.873983     2.470756     2.075143     2.425757     4.444152     3.213645     3.240603     2.932541     0.628859
    1.713923     0.105070     1.452889     2.115765     1.589581     4.913464     4.685651     5.993949     5.600011     4.423563     0.841111     1.097742
    3.568661     2.569390     1.612222     3.237600     1.832336     3.017274     3.506272     2.401259     3.183448     3.298676     0.580650     1.327186
    2.484876     3.873548     2.464001     2.865961     2.370615     3.847785     3.656164     5.072320     4.931967     3.917119     2.467505     1.066923
    1.331969     1.827387     2.220323     2.183473     2.365921     4.892720     3.387883     3.953708     4.424369     4.348529     1.478113     1.833979
    1.215212     0.666673     0.574511     1.581763     1.817602     2.304542     2.087130     3.543555     3.654134     2.405123     0.976796    -0.497482
    2.467752     2.200317     1.334150     2.650217     2.534741     2.945097     2.624321     2.897654     2.255463     2.162819     0.640371     1.676437
    1.885748     0.805968     0.690536     0.804445     0.672266     1.649861    -0.043765     2.357790     1.862991     3.407560     0.327712     0.075542
    2.041054     1.760018     2.211775     1.322022     2.847606     2.297185     2.885332     3.527740     3.297015     1.244697     2.222810    -0.189238
    0.693420     0.202394    -0.125751    -0.474684     0.728838     0.039479     1.421522     2.232033     2.370209     2.529532    -0.514367    -2.045087
    2.422743     2.962896     2.850605     1.686362     2.190143     1.570456     3.322066     3.951259     0.706759     0.450502    -0.894399     1.829163
    2.547211     2.237457     2.968903     2.696476     2.441553     0.414237     2.681792     1.033267     1.327494     0.809756     0.240103     2.229176
    3.081458     2.347841     3.036010     3.349129     1.866434     4.668065     3.427984     3.379934     5.236887     5.420216     3.127955     3.273292
    4.076729     2.210536     3.814505     4.132601     3.565409     3.381739     4.982831     3.774387     4.045992     3.469653     4.291888     3.290927
    0.537494    -0.764335    -1.053634     0.648153    -0.402112     2.827579     0.752722     1.609437     1.541441     1.803268     0.567467    -2.369651
   -0.067544     1.138621     0.910924     1.161132     0.412394     2.045197     1.330127     2.293032     1.074528     2.011629     0.208301    -0.650091
    1.991707     2.622023     3.962585     4.108994     3.523475     4.553993     4.091936     4.115224     3.933918     3.744024    -1.352713     4.012027
    3.807019     3.053857     4.286180     3.946449     3.902219     4.646749     5.968958     4.193160     5.006137     6.138688     4.635980     2.252528
    0.359389     1.180295     0.379417    -0.115438     0.542136     1.082561     0.837733     1.022756     2.773854     0.599363     0.315500     0.967925
    1.392301     1.071279     0.263785     0.551796     0.730076     3.409105     2.246316     3.399548     1.563038     3.125510     1.054070     0.288649
    2.726047     1.287889     1.768553     2.444853     3.040897     1.021608     3.179708     3.502667     3.135316     3.193910     1.238189     0.135735
    3.121399     2.374408     0.957789     2.912675     1.690154     1.107284     3.297364     0.873857     2.022331     3.128831     0.803513     0.661984
   -0.148852     0.839333     0.339507     1.109919     1.607776     2.635463     4.453901     3.615817     2.487605     3.584588     1.453707     0.523901
    2.187660     1.719422     3.399918     2.067314     2.274484     1.713863     3.582789     3.995016     2.606709     2.559650     2.084790     1.924918
    3.423850     4.836946     3.802963     3.771070     2.329150     3.290602     4.175822     4.967527     2.746087     4.326103     2.081141     1.840027
    3.202430     1.981017     3.763955     1.002400     3.110977     2.993342     2.482640     4.283695     6.228918     4.252802     3.473084    -0.317440
    2.428233     2.731326     2.961826     2.202857     2.408808     3.932902     3.374193     4.357526     4.319078     3.874752    -0.131086     3.011557
    1.499048     3.152943     2.164077     0.678831     1.854610     1.079945     1.705274     0.835363     2.520296     2.599736     2.433327     1.978735
    3.371350     3.048684     4.124537     2.626347     2.885855     2.862815     3.274560     3.448884     3.500871     2.146063     0.249261     2.921609
    1.013815    -0.501174    -0.139765    -0.045536    -0.835246     0.833620     0.089054     0.478656     1.506236     1.165894    -0.746065    -1.060260
    1.088041     1.572165     2.612038     2.462103     1.895419     3.116991     2.409857     2.993546     2.613669     4.011107     2.753335     0.944814
    2.291361     2.017338     0.563637     0.382380     1.406987     2.243136     1.169523     1.839419     0.457166     3.238228     0.526392     1.445249
    3.125273     3.596128     3.370857     1.908523     1.852712     4.616271     3.144295     3.553686     2.331615     3.120097    -0.699842     2.537775
    1.683974     2.444910     1.478103     1.341175     1.855101     2.845846     2.812170     2.781275     2.315974     0.968699     1.438808     2.376952
    2.924309     2.415000     2.329823     3.906632     2.627986     3.748907     3.719203     2.732925     3.634825     2.631186     1.957082     2.096359
    2.398412     1.444662     2.294497     0.407468     2.660327     3.392693     2.164818     2.222260     3.090140     3.062214     0.470530     1.064374
    2.561256     1.492849     0.779587     1.174906     1.115236     0.829992     1.813465     1.037817     1.504169     0.674629     0.548997     0.656728
    1.736326     0.686638     1.164958     1.963393     1.429839     0.941701     2.408154     3.335321     2.848161     3.689957     1.047535     0.429941
    1.772367     2.126894     1.627618     1.276250     1.913277     2.251482     2.930509     3.261564     0.900992     5.306887     0.861844     0.071880
    3.622629     3.927781     3.715523     4.763259     2.841452     4.021917     4.101252     4.024584     4.635945     5.144743     2.074252     2.825050
    4.295954     2.451898     3.334319     3.486561     3.674269     2.012689     4.636028     3.418633     4.112773     4.253597     1.427540     1.987702
    1.884303     1.142023     1.425687     2.422550     2.358386     3.360746     4.443820     5.487000     4.641246     4.816261     0.653542     1.141360
    1.778027     1.170404     1.519515     1.806705     3.056960     4.092169     2.484117     3.301507     3.148751     3.018514    -0.779000     1.012754
    3.069654     2.702821     2.786798     2.645530     3.397138     3.303116     2.760923     3.685543     4.818874     4.662905     0.601066     3.901878
   -0.251635     0.643799     0.460314     0.372422     0.734801     0.242329    -0.159147     2.276986     0.605716     3.345603     0.028293    -0.449168
    1.258783     2.410986     1.202564     1.903198     2.043019     2.755090     3.324457     2.008195     2.357035     2.655839    -0.982545     1.361398
    3.743664     2.155321     2.269875     2.273290     2.050349     3.050570     4.594286     3.241087     3.526204     3.672477    -0.621144     0.764459
   -0.365022     1.280289     0.100170     0.479602     1.570692     2.063994     3.144598     1.163720     3.713060     3.115142     1.705171     0.994606
    0.399920    -0.024203    -0.340021     0.619926     0.353052     0.407295    -0.419503    -1.837437     0.014683     1.030149    -0.528707    -0.256881
    1.417043     3.207284     1.470589     2.478257     2.053287     4.859923     3.904396     6.007177     4.347867     5.613489     0.647608     2.092308
    0.140853     0.543918     1.488430     1.519972    -0.407299     1.611968     0.928715     1.816710     0.506949     0.429636     0.711513     0.739664
    0.884839     2.173983     1.433564     0.853516     1.845809     1.823660     2.751008     3.140097     2.356009     3.517598    -1.350156     1.951314
    3.265265     3.609801     3.895307     3.537253     2.209630     4.685347     3.601953     0.429794     3.029618     3.318813     3.892611     0.708904
    1.019087     0.470827     2.392227     1.515025     1.770453     3.097921     3.744786     2.830822     3.137319     1.422689     1.564590     1.161669
    3.764090     4.295211     3.026444     3.879382     4.223001     4.956664     4.541489     3.490447     2.672386     4.838305     2.542108     2.256285
   -0.545838    -0.381532     1.298988     0.213023     0.446138     2.008640     1.238030     1.973171     1.411090     2.150150     2.918648    -1.813983
    1.506909     0.771424     1.199974     0.683397     0.955650     2.797402     3.906346     3.791055     3.222577     3.742541     3.639004    -3.169658
    1.622954     1.351057     2.596973     1.683079     1.843273     4.614023     3.924159     3.571197     2.284068     5.388640     1.775220    -0.869932
    1.502754     0.436749     2.096963     2.221993     1.227131     2.449076     2.553728     2.640093     2.205487     3.523634     0.550799    -0.251120
    1.911609     1.534229     1.645461     1.495521     2.922471     2.214009     2.653223     1.936176     2.183048     2.303891    -0.121175     1.172672
    0.179115     0.364680    -0.174707     1.584123     0.271231     1.782080     0.809738     2.967937     3.221611     3.100585     1.746702    -1.189135
    2.489236     3.429010     2.435725     2.268789     3.302023     3.324991     3.605081     5.276141     3.979101     2.883430     2.072774     2.779083
    1.721687     1.916706     1.534382     1.435708     0.776887     2.885382     2.459129     3.225059     2.666167     3.004860    -0.377871    -0.091839
    1.191522     1.104537     0.377293     0.883437     2.435987     3.041081     3.355801     3.667575     4.013092     2.577636     2.129029    -1.878768
    3.228303     3.339471     1.891676     2.843126     3.202241     5.604753     5.601185     6.756065     4.039016     3.135489     1.478217     1.570183
    1.978666     2.488753     3.248650     2.452965     3.339458     4.180925     2.936750     2.679614     3.185815     3.449073     2.451844     0.417862
    1.933376     3.157375     1.779104     3.297977     3.133975     5.149207     4.232817     3.989103     4.391378     3.825816     3.019350     1.362976
    2.506006     3.099204     4.162975     3.989770     4.235817     3.259429     6.008628     2.938519     5.332340     2.825193     0.646139     2.340057
    1.592498    -0.769086     0.509478    -0.368069     0.918806     1.581084     0.441400     1.521954     0.378695     1.726405    -0.564637     1.208398
    1.561712     2.337103     3.031861     2.790968     1.950466     3.911988     1.748831     4.157226     2.411145     3.335525     0.773541     0.352234
    4.316567     3.237724     3.605046     3.468153     3.652760     1.958611     5.104234     3.158463     4.201733     4.898172     2.087983     3.805553
   -0.082564     0.505441    -0.672931     0.282026     0.376213     3.040985     2.514728     2.446859     3.939609     1.461662     1.304108    -0.707492
   -0.502369    -1.011438     0.790806     0.493914    -0.792415     1.048236     0.482141     3.315482     2.917692     2.035443     4.047024    -2.438137
    2.530224     1.639898     2.390657     3.399467     1.225004     3.619045     3.919257     5.403699     4.160633     5.742657     2.490539     1.412075
    2.417145     4.338380     2.383187     2.981318     1.688287     3.451601     2.438131     3.586257     4.450140     3.757054     2.438135     1.276064
    3.287956     3.446882     2.129857     2.686721     2.799640     4.687896     3.191201     3.476585     2.621840     3.917911     1.541761     0.027251
    1.330944     1.624995     1.094714     0.564287     1.898582     0.478858     1.670298     1.503911     2.242617     2.861770     2.889698     0.911197
    1.958972     3.285080     2.816991     3.543181     3.961374     4.726706     3.720325     2.215912     3.048059     3.005838     0.463096     1.909071
    3.538719     3.835717     3.204493     2.464429     3.398485     2.988744     4.137427     4.375688     3.418238     2.801168     1.844799     3.065510
    3.428397     1.519309     2.981398     2.588068     1.014041     2.779873     4.691833     4.968472     4.269444     3.876139     2.411520     1.836405
    0.160659    -0.083791     0.687294     0.271619    -0.906723     3.296182     1.673200     4.217858     2.754553     3.382000     0.569614     0.474828
    0.310847    -0.456552     0.625319    -0.137291     0.271799     0.932836     0.655047     0.617204     1.126641     3.021541     0.877574    -1.007711
    0.015422     1.835315    -0.453127    -0.970221     0.799209     2.046268     2.424378     0.918931     3.046501     1.697143    -0.943076     1.049362
    1.477192    -1.031205     0.550153     2.041132    -0.853986     1.335410     0.961064     1.551699     1.183035    -1.054269    -1.184734     0.437364
    1.755899     4.061861     3.078478     2.053924     2.633961     2.173297     2.631118     1.860134     3.467628     3.392805     1.742447     2.130786
    2.135657     2.922823     4.435680     4.034410     3.468867     4.638883     3.058860     3.322388     3.151659     1.735059     2.478581     1.271869
    0.944416     3.232966     0.832135     2.649281     2.037986     0.927360     1.887150     0.269154     1.237777     1.119137    -2.058541     2.071823
    0.512783     0.694818     1.193512     1.472377     1.078564     1.964786     2.912484     2.465868     2.099858     2.886836     1.298287     0.747045
    2.401753     1.442399     2.898904     0.246354     1.931041     3.299135     2.289371     3.217202     2.216796     3.019821     2.209597    -0.563960
    3.392101     4.566385     2.095476     2.394476     3.442365     2.028412     3.189707     4.103579     5.257663     4.958386     2.425011     0.679089
    0.499398     1.086841     1.475194     2.312970     1.408580     1.383235     0.228074     1.284413     1.236432     1.958570     0.720976     2.557635
    2.506793     3.055537     1.647449     0.594463     1.674442     2.562802     1.815937     1.318877     4.286779     5.225830     2.611998     0.081426
    0.815962    -0.482506    -0.101889    -0.378250     0.449826     2.824638     2.034126     0.727917     0.505642     0.961531     0.600222     0.925765
    2.223487     1.718224     2.251704     2.621898     2.922360     2.637585     3.833125     4.825432     3.799783     2.081294     1.534736     0.767190
    1.572330     1.889745     1.042284     2.296457     1.475432     3.252663     2.007767     3.532355     2.789088     2.085664     0.929086     1.849037
    3.151879     2.553409     2.019613     2.804598     2.107375     3.137333     1.471266     1.044301     2.659671     2.408367     0.333292     1.825686
    3.020927     2.631094     3.418946     4.631341     2.616979     5.377547     4.203715     4.676732     3.755346     4.644852     2.448658     1.819280
   -0.030780     1.034880     0.817859    -0.445961    -0.932187     1.049898     2.328143     0.510671     1.233160     2.463437     0.436589     0.164328
   -0.110028     1.134589     0.509766     0.169795     0.590295     2.064276     3.529509     3.744639     3.442813     3.141374    -0.219817     1.687006
    0.511894     1.445219     1.541564     2.499935     0.853929     1.730970     3.682640     2.705957     3.641611     3.269109     5.141006     0.010612
    0.075922    -0.057041    -0.229946     0.165847     0.681876     2.050666     0.883899     2.401832     0.815843     2.951053    -0.449745    -0.303420
    2.865220     1.141577     2.064362     2.738943     2.355957     2.901220     3.878479     1.621733     2.596763     3.008703     2.000312     1.667143
    0.472249     1.141236     0.946327     1.585161     1.013416     3.515398     0.771936     1.357611     2.929892     1.373887     1.224919     0.480677
    3.790764     3.767520     3.495057     3.569954     4.666060     3.604746     4.414565     3.971757     3.631174     4.943631    -0.022403     2.892108
    3.000705     3.592872     2.579257     2.616933     3.521091     5.189716     4.291998     4.370448     4.313291     3.715780     1.517248     2.253437
    1.268382     1.306298     0.577535     1.720402     0.624295     1.247754    -0.982964     1.939748     1.611649     0.542284    -1.912617     0.106985
    0.454783    -1.092580     1.285389     1.106614     0.383171     0.966171    -0.029241     1.607374    -1.024028     0.982047    -0.623817     0.948585
    1.870502     1.034330    -0.010568     0.714119     0.507341     0.480037     1.143350     2.825038     1.776318     0.709096    -0.356872    -0.219298
    2.610056     2.875334     3.392005     2.213659     3.859228     3.748669     3.242030     4.721498     4.286899     3.727049     4.585428     1.442533
    2.663809     1.293374     2.797381     1.542470     1.897405     4.565295     4.087253     3.821678     4.282153     4.678410     1.574244     0.834800
    2.219578     1.652772     1.466165     1.287036     2.983498     0.631375     1.662348     2.220661     0.437923    -0.190201    -0.171919    -0.186777
    1.012473     0.074676     1.273748     1.332924    -0.169126     2.982443     2.619511     2.041969     1.534139     1.077396     1.141496     1.874706
